0.00 0.00 0.00 0.00 0.00 0.00 0.00 0.00 0.00 0.00 0.00 0.00 0.00 0.00 0.00 0.00 0.00 0.00 0.00 
0.00 124.03 244.25 356.96 458.73 546.48 617.57 669.90 701.92 712.70 701.92 669.90 617.57 546.48 458.73 356.96 244.25 124.03 0.00 
0.00 245.77 483.98 707.32 908.98 1082.85 1223.73 1327.42 1390.87 1412.23 1390.87 1327.42 1223.73 1082.85 908.98 707.32 483.98 245.77 0.00 
0.00 363.00 714.82 1044.68 1342.52 1599.32 1807.39 1960.53 2054.25 2085.80 2054.25 1960.53 1807.39 1599.32 1342.52 1044.68 714.82 363.00 0.00 
0.00 473.60 932.62 1362.99 1751.58 2086.62 2358.09 2557.90 2680.17 2721.33 2680.17 2557.90 2358.09 2086.62 1751.58 1362.99 932.62 473.60 0.00 
0.00 575.66 1133.60 1656.71 2129.04 2536.28 2866.24 3109.11 3257.74 3307.77 3257.74 3109.11 2866.24 2536.28 2129.04 1656.71 1133.60 575.66 0.00 
0.00 667.46 1314.38 1920.92 2468.57 2940.76 3323.34 3604.94 3777.27 3835.28 3777.27 3604.94 3323.34 2940.76 2468.57 1920.92 1314.38 667.46 0.00 
0.00 747.54 1472.07 2151.37 2764.72 3293.56 3722.04 4037.42 4230.43 4295.39 4230.43 4037.42 3722.04 3293.56 2764.72 2151.37 1472.07 747.54 0.00 
0.00 814.65 1604.24 2344.53 3012.95 3589.27 4056.22 4399.93 4610.26 4681.06 4610.26 4399.93 4056.22 3589.27 3012.95 2344.53 1604.24 814.65 0.00 
0.00 867.84 1708.97 2497.58 3209.64 3823.59 4321.02 4687.16 4911.22 4986.64 4911.22 4687.16 4321.02 3823.59 3209.64 2497.58 1708.97 867.84 0.00 
0.00 906.34 1784.78 2608.39 3352.04 3993.22 4512.73 4895.11 5129.11 5207.88 5129.11 4895.11 4512.73 3993.22 3352.04 2608.39 1784.78 906.34 0.00 
0.00 929.64 1830.68 2675.46 3438.23 4095.90 4628.76 5020.98 5261.00 5341.79 5261.00 5020.98 4628.76 4095.90 3438.23 2675.46 1830.68 929.64 0.00 
0.00 937.44 1846.04 2697.91 3467.08 4130.27 4667.61 5063.11 5305.15 5386.62 5305.15 5063.11 4667.61 4130.27 3467.08 2697.91 1846.04 937.44 0.00 
0.00 929.64 1830.68 2675.46 3438.23 4095.90 4628.76 5020.98 5261.00 5341.79 5261.00 5020.98 4628.76 4095.90 3438.23 2675.46 1830.68 929.64 0.00 
0.00 906.34 1784.78 2608.39 3352.04 3993.22 4512.73 4895.11 5129.11 5207.88 5129.11 4895.11 4512.73 3993.22 3352.04 2608.39 1784.78 906.34 0.00 
0.00 867.84 1708.97 2497.58 3209.64 3823.59 4321.02 4687.16 4911.22 4986.64 4911.22 4687.16 4321.02 3823.59 3209.64 2497.58 1708.97 867.84 0.00 
0.00 814.65 1604.24 2344.53 3012.95 3589.27 4056.22 4399.93 4610.26 4681.06 4610.26 4399.93 4056.22 3589.27 3012.95 2344.53 1604.24 814.65 0.00 
0.00 747.54 1472.07 2151.37 2764.72 3293.56 3722.04 4037.42 4230.43 4295.39 4230.43 4037.42 3722.04 3293.56 2764.72 2151.37 1472.07 747.54 0.00 
0.00 667.46 1314.38 1920.92 2468.57 2940.76 3323.34 3604.94 3777.27 3835.28 3777.27 3604.94 3323.34 2940.76 2468.57 1920.92 1314.38 667.46 0.00 
0.00 575.66 1133.60 1656.71 2129.04 2536.28 2866.24 3109.11 3257.74 3307.77 3257.74 3109.11 2866.24 2536.28 2129.04 1656.71 1133.60 575.66 0.00 
0.00 473.60 932.62 1362.99 1751.58 2086.62 2358.09 2557.90 2680.17 2721.33 2680.17 2557.90 2358.09 2086.62 1751.58 1362.99 932.62 473.60 0.00 
0.00 363.00 714.82 1044.68 1342.52 1599.32 1807.39 1960.53 2054.25 2085.80 2054.25 1960.53 1807.39 1599.32 1342.52 1044.68 714.82 363.00 0.00 
0.00 245.77 483.98 707.32 908.98 1082.85 1223.73 1327.42 1390.87 1412.23 1390.87 1327.42 1223.73 1082.85 908.98 707.32 483.98 245.77 0.00 
0.00 124.03 244.25 356.96 458.73 546.48 617.57 669.90 701.92 712.70 701.92 669.90 617.57 546.48 458.73 356.96 244.25 124.03 0.00 
0.00 0.00 0.00 0.00 0.00 0.00 0.00 0.00 0.00 0.00 0.00 0.00 0.00 0.00 0.00 0.00 0.00 0.00 0.00 

2.236261
0.523036
4.28
0.71
